[[1460, 1460.025055824017, 0.32934330131012979, 104143.56707288054, 377.68338254154554, 88.737701694889154, 104143.56707288043]]
100 -0.0
[[1460, 1462.8642672641383, 1.0990521281708958, 99001.848219847379, 836.4158683827942, 161.40461708723561, 99001.848219847059]]
101 0.0
[[1460, 1459.9040559627001, 0.43199783913428924, 104743.88560672491, 394.9781681173958, 114.42664484280567, 104743.88560672496]]
102 0.0
[[1460, 1458.9110661239579, 0.81705410278504664, 103146.71232200283, 633.84018849789845, 154.21160292622559, 103146.71232200282]]
103 0.0
[[1460, 1460.1895268637074, 0.53956937341897593, 105450.09384420174, 444.03191527131202, 131.82982868604205, 105450.09384420201]]
104 0.0
[[1460, 1459.336958467454, 1.4833381898758127, 111232.17648024172, 1369.6264781905909, 194.77110323862885, 111232.1764802378]]
105 0.0
[[1460, 1457.8819736324283, 0.5769274591499719, 106065.39977357161, 469.26013969880722, 135.86634422433235, 106065.39977357168]]
106 -0.0
[[1460, 1456.3854058669676, 2.2815890870090088, 108882.22281356313, 2414.8783766129477, 217.93909959464384, 108882.22281228435]]
107 0.38021138405447924
[[1460, 1458.8302387641172, 0.42251857907475282, 105245.09449308446, 403.6815777908148, 109.22709508977458, 105245.09449308449]]
108 0.0
[[1460, 1458.4859231537991, 0.93097351118054295, 104853.56374615119, 732.63496623091294, 157.94267043981498, 104853.56374615111]]
109 0.0
[[1460, 1458.3707196305324, 0.36295699266662984, 105199.78575650501, 382.56149113370071, 97.897010963381817, 105199.78575650499]]
110 0.0
[[1460, 1460.9561190195645, 0.96981852519113165, 104305.67916252243, 758.93796374806846, 159.20333273573513, 104305.67916252233]]
111 -0.0
[[1460, 1461.4327954619584, 0.67226172188977962, 9409.4550623087798, 132.24686049479288, 44.787192550921574, 9409.4550623087744]]
112 -0.11792876864757261
[[1460, 1459.1985175621408, 0.63993366872354907, 9123.5130256574739, 124.9977012725474, 43.605600059967529, 9123.5130256574703]]
113 0.072594411947470378
[[1460, 1462.4419057702521, 1.0314615910968699, 8716.2501591871078, 132.88035709804831, 64.767752205346966, 8716.2501591871023]]
114 -0.21586492274299635
[[1460, 1461.7232456839902, 0.93953091798265398, 7771.6680591596714, 128.95099409550886, 53.371564352940062, 7771.668059159676]]
115 0.0
[[1460, 1462.6205640742471, 0.64893729813546941, 10465.452281080577, 132.22958905009003, 48.175072355934617, 10465.452281080563]]
116 0.0
[[1460, 1460.9707511606125, 0.70817348341327091, 10671.325210008301, 143.11405985382717, 49.548790926308904, 10671.325210008297]]
117 0.0
[[1460, 1460.5893905152739, 0.64795831311427332, 10874.028792124778, 138.71428040865661, 47.684688710620605, 10874.028792124791]]
118 0.0
[[1460, 1458.4757775866997, 0.61113884349540926, 10870.18859348817, 133.17303989532576, 46.819808825211673, 10870.188593488168]]
119 0.0
[[1460, 1460.8921170540052, 0.63563763191733447, 10828.030193588269, 133.87300752847673, 48.136546703375224, 10828.030193588273]]
120 -0.0
[[1460, 1459.4282891610087, 0.60754434282187253, 10692.705176458698, 132.16225604331794, 46.086079527600745, 10692.705176458701]]
121 0.0
[[1460, 1463.0703744928499, 0.67179679129768199, 9640.3964618605023, 134.42586661557024, 45.111475770550129, 9640.3964618604732]]
122 0.0
[[1460, 1459.2886605699139, 0.64162366914616009, 9671.5121389077249, 128.69526450689122, 45.203932698700562, 9671.5121389077231]]
123 -0.0
[[1460, 1454.3869092026519, 1.6232074870163988, 4089.3066519859767, 112.71107025766538, 56.103250261287371, 4089.3066519859767]]
124 0.0
[[1460, 1455.9891162308834, 1.7423753527014472, 3922.0984060220203, 113.17278681322492, 58.071649150660058, 3922.0984060220221]]
125 0.0
[[1460, 1459.1066468716422, 1.1639770072664235, 5431.0728293309257, 115.90829438987349, 51.461702647988652, 5431.0728293309267]]
126 0.078289474124414643
[[1460, 1459.7234816390542, 1.1324079931589577, 5261.21331610789, 113.02275667434516, 49.564719232425077, 5261.2133161078855]]
127 0.026665793023761129
[[1460, 1461.0655481506128, 1.2996021658555861, 4839.7479687613659, 108.20030119433751, 55.43526546538731, 4839.7479687613632]]
128 -0.0
[[1460, 1456.8410490754341, 1.3532494055545177, 4535.0259934279457, 109.67599098709675, 53.187730488143515, 4535.0259934279511]]
129 0.0
[[1460, 1462.8902771735593, 1.3293208607235603, 4637.1462903891261, 106.45108016077934, 54.977780473599942, 4637.1462903891206]]
130 0.0
[[1460, 1457.6963543433967, 1.3817487336931378, 4495.5995290901501, 110.27216922416052, 53.566427012494415, 4495.5995290901528]]
131 0.18095015825644586
[[1460, 1460.4883129411255, 1.252164552675286, 4914.917199879781, 117.3137150897128, 49.227416563301269, 4914.9171998797829]]
132 0.0
[[1460, 1462.7436058169994, 1.4576857268598007, 4829.6882319362558, 118.29430489684363, 56.790111997617508, 4829.6882319362539]]
133 0.0
[[1460, 1457.2410578436102, 1.6583333946910124, 4379.7514755552556, 124.45214462859639, 55.813948913727195, 4379.7514755552593]]
134 0.0
[[1460, 1460.7917101600804, 1.6670784159170147, 4235.1002231265938, 120.34463655389074, 56.036242442383077, 4235.1002231265975]]
135 -0.0
[[1460, 1461.2124267650186, 1.7796218262138095, 4119.7142545084434, 132.06775318441612, 52.73417399300903, 4119.7142545084362]]
136 -0.14188507518942023
[[1460, 1464.3539411763279, 1.8543491135829555, 3839.8736840014717, 126.11712231950487, 53.796336517929014, 3839.8736840014717]]
137 0.0
[[1460, 1457.8354740584546, 1.4077444069425855, 4627.7562330159008, 120.0233461259787, 51.46469498311081, 4627.7562330158944]]
138 0.0
[[1460, 1461.4967448908815, 1.488644290521296, 4584.8755466790453, 119.79108231036565, 54.35002124039017, 4584.8755466790426]]
139 0.0
[[1460, 1463.8163825629363, 1.1411802955543457, 5297.0799774674388, 120.13798087778558, 47.22967253641459, 5297.0799774674351]]
140 0.0
[[1460, 1460.3785614994129, 1.0599181005465903, 5453.7319654706544, 122.93303143449819, 43.843440011035376, 5453.7319654706571]]
141 0.0
[[1460, 1461.148531156837, 1.5383869454364003, 4105.6238136196425, 112.71611521163315, 53.499512261680536, 4105.6238136196425]]
142 -0.10121945684412666
[[1460, 1463.7281305701022, 1.503080774497122, 3950.3297703381263, 106.65025752588944, 52.88209993342241, 3950.3297703381268]]
143 0.0
[[1460, 1456.7925059928266, 1.230923854245408, 5646.0777575084458, 124.69260124031113, 52.887721938866946, 5646.0777575084539]]
144 0.0
[[1460, 1457.7389642714495, 1.2141944117719936, 5421.8629554318441, 121.55403875873233, 51.097528457043111, 5421.862955431845]]
145 0.0
[[1460, 1463.3416132913489, 1.5510481595826546, 4179.3850228349365, 119.14621884461251, 51.620128150753899, 4179.3850228349429]]
146 -0.74098968876816662
[[1460, 1462.6928512317957, 1.4360288728628958, 4329.615761675771, 116.02545875993218, 50.833284131411951, 4329.6157616757737]]
147 0.0
