[[1460, 1460.5956849346369, 1.5228647438633802, 88513.772691384307, 1071.6712825960399, 148.0369481410236, 88513.772691384293]]
100 nan
[[1460, 1458.1568625240038, 0.54427404044627659, 105984.41635640866, 530.44011717176636, 108.02118476002589, 105984.41635640849]]
101 nan
[[1460, 1457.5337251899389, 1.8099631737060953, 96326.174498037828, 1396.9490183455689, 171.44276247112467, 96326.174498037682]]
102 nan
[[1460, 1459.1534659026634, 0.59563233584073272, 106687.42541362935, 579.77275791325997, 108.56440006157129, 106687.42541362916]]
103 0.0
[[1460, 1430.4450470907464, 2.2551477867437746, 103292.90131108234, 2104.1119766297952, 198.25489465111653, 103292.90131105433]]
104 nan
[[1460, 1457.1541916850624, 0.64684579060740299, 106462.90962033637, 610.19655781641086, 111.98739610491133, 106462.90962033636]]
105 nan
[[1360, 1457.015972288345, 2.2491797213696922, 93897.848367773418, 1245.2087675805788, 198.60690251753121, 93897.848367763057]]
106 0.42770303425371187
[[1460, 1460.968218322761, 0.78443261349435178, 107850.10786946406, 667.48615985323659, 130.47618858600481, 107850.10786946406]]
107 nan
[[1460, 1446.4198292365363, 2.0015927568247327, 112345.7703117662, 1899.3516764825929, 195.04618527065307, 112345.77031175948]]
108 nan
[[1460, 1458.2270210553211, 0.53781322196435077, 107951.54705390203, 556.97838811009024, 102.61142487287459, 107951.54705390189]]
109 nan
[[1460, 1461.1741706174348, 1.4711334575056929, 101063.73071059839, 1157.1283576658109, 164.54320367921409, 101063.73071059836]]
110 nan
[[1460, 1456.6444632101925, 0.56229706150049164, 108785.0690412703, 569.14348143587824, 106.42062611067874, 108785.06904127025]]
111 nan
[[1460, 1458.669600453979, 0.86528499030763217, 9398.6900677096255, 167.01158273933112, 45.539227274585343, 9398.690067709611]]
112 nan
[[1460, 1461.0228696780264, 0.87569561077351799, 9071.174459980617, 168.80959934223898, 44.085526972318419, 9071.174459980617]]
113 nan
[[1460, 1467.64883921303, 1.7028826631031455, 8298.9479531112247, 186.87283719201, 73.957771727166033, 8298.9479531112247]]
114 -0.73403914490485245
[[1460, 1460.8505897748387, 1.7118786645737112, 8222.2546631606656, 198.43561316531398, 67.876607178838015, 8222.2546631606729]]
115 nan
[[1460, 1458.2312550572587, 0.96352916995903537, 10329.24077564513, 190.28165254352825, 49.081022696362453, 10329.240775645128]]
116 nan
[[1460, 1457.535239225668, 1.071859542501963, 10388.275992708817, 206.00264133644609, 50.814338357679006, 10388.275992708814]]
117 nan
[[1460, 1460.2448645737454, 0.97896584931838182, 10680.824338746041, 198.89245879375321, 49.466084984783393, 10680.824338746059]]
118 nan
[[1460, 1459.2331334313687, 0.90816866536996432, 10737.050765097609, 192.28110994683914, 47.562661262319502, 10737.050765097614]]
119 nan
[[1460, 1459.7343889078952, 0.91687524992834235, 10621.86337081996, 186.68187502769302, 48.85929291240106, 10621.863370819963]]
120 nan
[[1460, 1460.9644791820215, 0.85174380380575621, 10444.391134436426, 183.54730089008626, 45.423771778346556, 10444.391134436437]]
121 nan
[[1460, 1453.8849827179426, 0.9367063114011267, 9513.8442280361578, 179.65087417497006, 46.594599623694968, 9513.8442280361614]]
122 nan
[[1460, 1458.1069795577644, 0.90749282222673466, 9365.9865478155116, 174.3320098908533, 45.655071428057497, 9365.9865478154898]]
123 nan
[[1460, 1457.1476985993654, 2.3925160298094217, 4030.018536801801, 160.42685684666438, 57.313779731925486, 4030.0185368017978]]
124 0.17126390419040038
[[1460, 1456.3308306204747, 2.3860654999718895, 3829.1325464067977, 161.16613193059061, 53.237912411243393, 3829.1325464067977]]
125 0.0
[[1460, 1463.1474451931672, 1.6805222757906366, 5287.0318201813106, 164.19796175237076, 51.03150236202076, 5287.031820181307]]
126 nan
[[1460, 1458.9779551729278, 1.6974413016406042, 5113.5057489263863, 163.67772983154828, 49.610567611863765, 5113.5057489263845]]
127 nan
[[1460, 1465.0563617518728, 1.883975171539769, 4625.4350563792659, 161.46464273004858, 50.707867071818697, 4625.4350563792605]]
128 0.0
[[1460, 1467.9183175281808, 1.9154467053364188, 4385.0959472432924, 152.91251344948583, 51.914984038466159, 4385.0959472432924]]
129 nan
[[1460, 1462.159072151909, 1.9795330227631582, 4754.3997192868301, 157.77012451748419, 56.975936753891439, 4754.3997192868328]]
130 nan
[[1460, 1460.1336088780204, 1.9850134729137987, 4620.0775069016636, 159.34717392743349, 54.825000582980024, 4620.0775069016627]]
131 0.0
[[1460, 1459.4388116598188, 1.9602486169914755, 4692.4252940206052, 170.34298339316828, 50.393163898157894, 4692.4252940206006]]
132 nan
[[1460, 1462.6026701920737, 2.0981434179396983, 4602.6340177662405, 164.9307402405999, 55.770179709156523, 4602.6340177662432]]
133 nan
[[1460, 1456.9889007502493, 2.0770028000663556, 4557.8186188110258, 165.26594107718651, 54.534523901671363, 4557.8186188110212]]
134 nan
[[1460, 1458.2886945082696, 2.175612637591668, 4418.3612099022794, 162.19707042327866, 56.77784777516959, 4418.3612099022803]]
135 nan
[[1460, 1461.5552044598855, 2.6840133799669483, 4211.7149591941825, 190.02875124263855, 56.725535370817276, 4211.7149591941752]]
136 nan
[[1460, 1533.9192748466878, 2.6083638511033835, 4444.8532210267376, 177.65093801865788, 62.391554644738029, 4444.8532210267367]]
137 -9.3854980155796373
[[1460, 1461.1469819694362, 1.8969698719884462, 4665.6250586526503, 161.66258639190306, 51.75349419932968, 4665.6250586526457]]
138 nan
[[1460, 1464.0986458224938, 1.9726537396870103, 4656.187598993446, 166.86779257820672, 52.369285314785401, 4656.187598993446]]
139 nan
[[1460, 1461.1251493296168, 1.6552504612430188, 5256.4214495008919, 163.80527137994511, 50.046941748921093, 5256.4214495008891]]
140 nan
[[1460, 1462.8649168332051, 1.5033312651581019, 5421.6533302616717, 165.04777957889152, 45.854057850516874, 5421.6533302616699]]
141 nan
[[1460, 1454.2093857161751, 2.0751387281108111, 4570.7527868472907, 166.21304495555498, 54.14850059300079, 4570.7527868472907]]
142 nan
[[1460, 1455.2486590993869, 2.1937353275780938, 4451.1098309266317, 168.16162291717291, 55.147167311237695, 4451.1098309266226]]
143 nan
[[1460, 1459.9337823428048, 1.78261608157257, 5611.5297207576496, 183.67826345888244, 51.314217834383427, 5611.5297207576405]]
144 nan
[[1460, 1460.797329349738, 1.6585851021571347, 5351.7748969027271, 171.39548512477253, 48.567965598746447, 5351.7748969027243]]
145 nan
[[1460, 1463.2011174253835, 2.1841592641417216, 4363.7485955966695, 172.4122143618028, 52.616598986250843, 4363.7485955966686]]
146 nan
[[1460, 1453.3491429806766, 2.1847892809616449, 4674.8671813543197, 174.83652898147059, 55.845385061712498, 4674.8671813543187]]
147 nan
